% Elements=[EltID TypID SecID MatID n1 n2 n3]

Elements=  [
1	1	5	5	100	101	999
2	1	5	5	101	102	999
3	1	5	5	102	103	999
4	1	5	5	103	104	999
5	1	5	5	104	105	999
6	1	5	5	105	106	999
7	1	5	5	106	107	999
8	1	5	5	107	108	999
9	1	5	5	300	301	999
10	1	5	5	301	302	999
11	1	5	5	302	303	999
12	1	5	5	303	304	999
13	1	5	5	304	305	999
14	1	5	5	305	306	999
15	1	5	5	306	307	999
16	1	5	5	307	308	999
17	1	4	4	200	201	999
18	1	4	4	201	202	999
19	1	4	4	202	203	999
20	1	4	4	203	204	999
21	1	4	4	204	205	999
22	1	4	4	205	206	999
23	1	4	4	206	207	999
24	1	4	4	400	401	999
25	1	4	4	401	402	999
26	1	4	4	402	403	999
27	1	4	4	403	404	999
28	1	4	4	404	405	999
29	1	4	4	405	406	999
30	1	4	4	406	407	999
31	1	1	1	100	200	999
32	1	2	2	101	201	999
33	1	2	2	102	202	999
34	1	2	2	103	203	999
35	1	2	2	104	204	999
36	1	2	2	105	205	999
37	1	2	2	106	206	999
38	1	2	2	107	207	999
39	1	3	3	101	200	999
40	1	3	3	102	201	999
41	1	3	3	103	202	999
42	1	3	3	104	203	999
43	1	3	3	105	204	999
44	1	2	2	106	205	999
45	1	2	2	107	206	999
46	1	1	1	108	207	999
47	1	1	1	300	400	999
48	1	2	2	301	401	999
49	1	2	2	302	402	999
50	1	2	2	303	403	999
51	1	2	2	304	404	999
52	1	2	2	305	405	999
53	1	2	2	306	406	999
54	1	2	2	307	407	999
55	1	3	3	301	400	999
56	1	3	3	302	401	999
57	1	3	3	303	402	999
58	1	3	3	304	403	999
59	1	3	3	305	404	999
60	1	2	2	306	405	999
61	1	2	2	307	406	999
62	1	1	1	308	407	999
63	1	6	6	500	501	999
64	1	6	6	501	502	999
65	1	6	6	502	503	999
66	1	6	6	503	504	999
67	1	6	6	504	505	999
68	1	6	6	505	506	999
69	1	6	6	506	507	999
70	1	6	6	507	508	999
71	1	6	6	600	601	999
72	1	6	6	601	602	999
73	1	6	6	602	603	999
74	1	6	6	603	604	999
75	1	6	6	604	605	999
76	1	6	6	605	606	999
77	1	6	6	606	607	999
78	1	6	6	607	608	999
79	1	7	7	100	500	999
80	1	7	7	101	501	999
81	1	7	7	102	502	999
82	1	7	7	103	503	999
83	1	7	7	104	504	999
84	1	7	7	105	505	999
85	1	7	7	106	506	999
86	1	7	7	107	507	999
87	1	7	7	108	508	999
88	1	7	7	300	600	999
89	1	7	7	301	601	999
90	1	7	7	302	602	999
91	1	7	7	303	603	999
92	1	7	7	304	604	999
93	1	7	7	305	605	999
94	1	7	7	306	606	999
95	1	7	7	307	607	999
96	1	7	7	308	608	999
97	1	7	7	500	600	999
98	1	7	7	501	601	999
99	1	7	7	502	602	999
100	1	7	7	503	603	999
101	1	7	7	504	604	999
102	1	7	7	505	605	999
103	1	7	7	506	606	999
104	1	7	7	507	607	999
105	1	7	7	508	608	999
106	1	8	8	100	301	999
107	1	8	8	301	102	999
108	1	8	8	102	303	999
109	1	8	8	303	104	999
110	1	8	8	104	305	999
111	1	8	8	305	106	999
112	1	8	8	106	307	999
113	1	8	8	307	108	999
114	1	8	8	300	101	999
115	1	8	8	101	302	999
116	1	8	8	302	103	999
117	1	8	8	103	304	999
118	1	8	8	304	105	999
119	1	8	8	105	306	999
120	1	8	8	306	107	999
121	1	8	8	107	308	999
122	1	9	9	200	401	999
123	1	9	9	401	202	999
124	1	9	9	202	403	999
125	1	9	9	403	204	999
126	1	9	9	204	405	999
127	1	9	9	405	206	999
128	1	9	9	206	407	999
129	1	9	9	400	201	999
130	1	9	9	201	402	999
131	1	9	9	402	203	999
132	1	9	9	203	404	999
133	1	9	9	404	205	999
134	1	9	9	205	406	999
135	1	9	9	406	207	999
136	1	9	9	200	400	999
137	1	9	9	201	401	999
138	1	9	9	202	402	999
139	1	9	9	203	403	999
140	1	9	9	204	404	999
141	1	9	9	205	405	999
142	1	9	9	206	406	999
143	1	9	9	207	407	999

];