Nodes= [100	    0	    0	    0;
    101	    8.3	    0	    0;
    102	    16.6	0	    0;
    103	    24.9	0	    0;
    104	    33.2	0	    0;
    105	    41.5	0	    0;
    106	    49.8	0	    0;
    107	    58.1	0	    0;
    108	    66.4	0	    0;
    200	    4.15	0	    8;
    201	    12.45	0	    8;
    202	    20.75	0	    8;
    203	    29.05	0	    8;
    204	    37.35	0	    8;
    205 	45.65	0	    8;
    206	    53.95	0	    8;
    207	    62.25	0	    8;
    300 	0	    5	    0;
    301	    8.3	    5	    0;
    302	    16.6	5	    0;
    303	    24.9	5	    0;
    304	    33.2	5	    0;
    305	    41.5	5	    0;
    306	    49.8	5	    0;
    307	    58.1	5	    0;
    308	    66.4	5	    0;
    400	    4.15	5	    8;
    401	    12.45	5	    8;
    402	    20.75	5	    8;
    403	    29.05	5	    8;
    404	    37.35	5	    8;
    405	    45.65	5	    8;
    406 	53.95	5	    8;
    407	    62.25	5	    8;
    500 	0	    1.9	    0;
    501	    8.3	    1.9	    0;
    502 	16.6	1.9	    0;
    503	    24.9	1.9	    0;
    504	    33.2	1.9	    0;
    505	    41.5	1.9	    0;
    506	    49.8	1.9	    0;
    507	    58.1	1.9	    0;
    508	    66.4	1.9	    0;
    600	    0	    3.1	    0;
    601	    8.3 	3.1	    0;
    602	    16.6	3.1	    0;
    603	    24.9	3.1	    0;
    604	    33.2	3.1	    0;
    605	    41.5	3.1	    0;
    606	    49.8	3.1	    0;
    607 	58.1	3.1	    0;
    608	    66.4	3.1	    0;
    10001	-0.01	0	0;
    10002	0	-0.01	0;
    10003	0	0	-0.01;
    30001	-0.01	5	0
    30002	0	4.99	0
    30003	0	5	-0.01;
    10801	66.41	0	0
    10802	0	0.01	0
    10803	0	0	0.01
    30801	66.41	5	0
    30802	66.4	5.01	0
    30803	66.4	5	0.01

    999     15  	6	    7;];